Time-1466163101251446 function startTime endTime duration
0 main_create 1466163101251446 1466163102316837 1065391
15 create_domain 1466163101251461 1466163102316818 1065357
100 acquire_lock 1466163101251546 1466163101251558 12
114 freemem 1466163101251560 1466163102253063 1001503
116 libxl_domain_need_memory 1466163101251562 1466163101251572 10
128 libxl_get_free_memory 1466163101251574 1466163101251699 125
1001626 libxl_domain_create_new 1466163102253072 1466163102313899 60827
1001729 initiate_domain_create 1466163102253175 1466163102313890 60715
1062457 release_lock 1466163102313903 1466163102313926 23
1062484 libxl_domain_unpause 1466163102313930 1466163102313941 11
1002044 libxl__domain_create_info_setdefault 1466163102253490 1466163102253510 20
1002072 libxl__domain_make 1466163102253518 1466163102262891 9373
1011475 libxl__domain_build_info_setdefault 1466163102262921 1466163102262931 10
1011682 libxl__bootloader_run 1466163102263128 1466163102313881 50753
1002093 xc_domain_create 1466163102253539 1466163102253652 113
