Time-1466163149690204 function startTime endTime duration
0 main_create 1466163149690204 1466163150756999 1066795
13 create_domain 1466163149690217 1466163150756974 1066757
87 acquire_lock 1466163149690291 1466163149690304 13
102 freemem 1466163149690306 1466163150691292 1000986
104 libxl_domain_need_memory 1466163149690308 1466163149690335 27
134 libxl_get_free_memory 1466163149690338 1466163149690432 94
1001096 libxl_domain_create_new 1466163150691300 1466163150754894 63594
1001206 initiate_domain_create 1466163150691410 1466163150754885 63475
1064692 release_lock 1466163150754896 1466163150754903 7
1064701 libxl_domain_unpause 1466163150754905 1466163150754913 8
1001593 libxl__domain_create_info_setdefault 1466163150691797 1466163150691824 27
1001628 libxl__domain_make 1466163150691832 1466163150701407 9575
1011231 libxl__domain_build_info_setdefault 1466163150701435 1466163150701444 9
1011434 libxl__bootloader_run 1466163150701638 1466163150754879 53241
1001651 xc_domain_create 1466163150691855 1466163150691970 115
