Time-1466171995989764 function startTime endTime duration
0 main_create 1466171995989764 1466171997204193 1214429
53 create_domain 1466171995989817 1466171997204169 1214352
343 acquire_lock 1466171995990107 1466171995990148 41
392 freemem 1466171995990156 1466171996992928 1002772
400 libxl_domain_need_memory 1466171995990164 1466171995990230 66
476 libxl_get_free_memory 1466171995990240 1466171995990554 314
1003173 libxl_domain_create_new 1466171996992937 1466171997201208 208271
1003279 initiate_domain_create 1466171996993043 1466171997201199 208156
1211446 release_lock 1466171997201210 1466171997201217 7
1211455 libxl_domain_unpause 1466171997201219 1466171997201230 11
1003657 libxl__domain_create_info_setdefault 1466171996993421 1466171996993448 27
1003692 libxl__domain_make 1466171996993456 1466171997000650 7194
1010894 libxl__domain_build_info_setdefault 1466171997000658 1466171997000661 3
1010970 libxl__bootloader_run 1466171997000734 1466171997201186 200452
1003714 xc_domain_create 1466171996993478 1466171996993598 120
