Time-1466171736277612 function startTime endTime duration
0 main_create 1466171736277612 1466171737494404 1216792
50 create_domain 1466171736277662 1466171737494384 1216722
368 acquire_lock 1466171736277980 1466171736278021 41
417 freemem 1466171736278029 1466171737281013 1002984
425 libxl_domain_need_memory 1466171736278037 1466171736278072 35
469 libxl_get_free_memory 1466171736278081 1466171736278396 315
1003410 libxl_domain_create_new 1466171737281022 1466171737492239 211217
1003517 initiate_domain_create 1466171737281129 1466171737492229 211100
1214632 release_lock 1466171737492244 1466171737492251 7
1214642 libxl_domain_unpause 1466171737492254 1466171737492263 9
1003856 libxl__domain_create_info_setdefault 1466171737281468 1466171737281482 14
1003878 libxl__domain_make 1466171737281490 1466171737290719 9229
1013129 libxl__domain_build_info_setdefault 1466171737290741 1466171737290750 9
1013330 libxl__bootloader_run 1466171737290942 1466171737492220 201278
1003898 xc_domain_create 1466171737281510 1466171737281630 120
