Time-1466162847223274 function startTime endTime duration
0 main_create 1466162847223274 1466162848282628 1059354
58 create_domain 1466162847223332 1466162848282608 1059276
310 acquire_lock 1466162847223584 1466162847223624 40
359 freemem 1466162847223633 1466162848226777 1003144
366 libxl_domain_need_memory 1466162847223640 1466162847223733 93
469 libxl_get_free_memory 1466162847223743 1466162847224074 331
1003511 libxl_domain_create_new 1466162848226785 1466162848280598 53813
1003617 initiate_domain_create 1466162848226891 1466162848280587 53696
1057328 release_lock 1466162848280602 1466162848280610 8
1057340 libxl_domain_unpause 1466162848280614 1466162848280624 10
1003995 libxl__domain_create_info_setdefault 1466162848227269 1466162848227296 27
1004030 libxl__domain_make 1466162848227304 1466162848233081 5777
1009813 libxl__domain_build_info_setdefault 1466162848233087 1466162848233090 3
1009868 libxl__bootloader_run 1466162848233142 1466162848280579 47437
1004051 xc_domain_create 1466162848227325 1466162848227476 151
