Time-1466162885633111 function startTime endTime duration
0 main_create 1466162885633111 1466162886700063 1066952
14 create_domain 1466162885633125 1466162886700038 1066913
90 acquire_lock 1466162885633201 1466162885633212 11
103 freemem 1466162885633214 1466162886634705 1001491
105 libxl_domain_need_memory 1466162885633216 1466162885633235 19
126 libxl_get_free_memory 1466162885633237 1466162885633371 134
1001603 libxl_domain_create_new 1466162886634714 1466162886697932 63218
1001711 initiate_domain_create 1466162886634822 1466162886697925 63103
1064823 release_lock 1466162886697934 1466162886697940 6
1064831 libxl_domain_unpause 1466162886697942 1466162886697950 8
1002094 libxl__domain_create_info_setdefault 1466162886635205 1466162886635232 27
1002129 libxl__domain_make 1466162886635240 1466162886645189 9949
1012106 libxl__domain_build_info_setdefault 1466162886645217 1466162886645226 9
1012311 libxl__bootloader_run 1466162886645422 1466162886697918 52496
1002151 xc_domain_create 1466162886635262 1466162886635384 122
