Time-1466187059106408 function startTime endTime duration
0 main_create 1466187059106408 1466187060494714 1388306
48 create_domain 1466187059106456 1466187060494692 1388236
315 acquire_lock 1466187059106723 1466187059106762 39
362 freemem 1466187059106770 1466187060109579 1002809
369 libxl_domain_need_memory 1466187059106777 1466187059106871 94
473 libxl_get_free_memory 1466187059106881 1466187059107206 325
1003179 libxl_domain_create_new 1466187060109587 1466187060492904 383317
1003285 initiate_domain_create 1466187060109693 1466187060492895 383202
1386500 release_lock 1466187060492908 1466187060492921 13
1386517 libxl_domain_unpause 1466187060492925 1466187060492935 10
1003628 libxl__domain_create_info_setdefault 1466187060110036 1466187060110055 19
1003655 libxl__domain_make 1466187060110063 1466187060116719 6656
1010317 libxl__domain_build_info_setdefault 1466187060116725 1466187060116727 2
1010383 libxl__bootloader_run 1466187060116791 1466187060492887 376096
1003675 xc_domain_create 1466187060110083 1466187060110197 114
