Time-1466187027346775 function startTime endTime duration
0 main_create 1466187027346775 1466187029730282 2383507
52 create_domain 1466187027346827 1466187029730263 2383436
377 acquire_lock 1466187027347152 1466187027347192 40
425 freemem 1466187027347200 1466187029350659 2003459
433 libxl_domain_need_memory 1466187027347208 1466187027347245 37
479 libxl_get_free_memory 1466187027347254 1466187027347623 369
2003893 libxl_domain_create_new 1466187029350668 1466187029728253 377585
2003999 initiate_domain_create 1466187029350774 1466187029728244 377470
2381482 release_lock 1466187029728257 1466187029728267 10
2381495 libxl_domain_unpause 1466187029728270 1466187029728280 10
2004376 libxl__domain_create_info_setdefault 1466187029351151 1466187029351179 28
2004412 libxl__domain_make 1466187029351187 1466187029357665 6478
2010897 libxl__domain_build_info_setdefault 1466187029357672 1466187029357674 2
2010964 libxl__bootloader_run 1466187029357739 1466187029728237 370498
2004433 xc_domain_create 1466187029351208 1466187029351326 118
