Time-1466171516800729 function startTime endTime duration
0 main_create 1466171516800729 1466171517999629 1198900
13 create_domain 1466171516800742 1466171517999601 1198859
83 acquire_lock 1466171516800812 1466171516800824 12
97 freemem 1466171516800826 1466171517802358 1001532
99 libxl_domain_need_memory 1466171516800828 1466171516800852 24
126 libxl_get_free_memory 1466171516800855 1466171516800979 124
1001638 libxl_domain_create_new 1466171517802367 1466171517997620 195253
1001749 initiate_domain_create 1466171517802478 1466171517997614 195136
1196895 release_lock 1466171517997624 1466171517997632 8
1196905 libxl_domain_unpause 1466171517997634 1466171517997642 8
1002136 libxl__domain_create_info_setdefault 1466171517802865 1466171517802892 27
1002171 libxl__domain_make 1466171517802900 1466171517812785 9885
1012084 libxl__domain_build_info_setdefault 1466171517812813 1466171517812823 10
1012290 libxl__bootloader_run 1466171517813019 1466171517997607 184588
1002194 xc_domain_create 1466171517802923 1466171517803041 118
