Time-1466171390029338 function startTime endTime duration
0 main_create 1466171390029338 1466171391217671 1188333
51 create_domain 1466171390029389 1466171391217653 1188264
366 acquire_lock 1466171390029704 1466171390029745 41
415 freemem 1466171390029753 1466171391032533 1002780
423 libxl_domain_need_memory 1466171390029761 1466171390029797 36
467 libxl_get_free_memory 1466171390029805 1466171390030159 354
1003204 libxl_domain_create_new 1466171391032542 1466171391215679 183137
1003311 initiate_domain_create 1466171391032649 1466171391215669 183020
1186345 release_lock 1466171391215683 1466171391215695 12
1186360 libxl_domain_unpause 1466171391215698 1466171391215705 7
1003647 libxl__domain_create_info_setdefault 1466171391032985 1466171391033005 20
1003675 libxl__domain_make 1466171391033013 1466171391042792 9779
1013460 libxl__domain_build_info_setdefault 1466171391042798 1466171391042801 3
1013526 libxl__bootloader_run 1466171391042864 1466171391215656 172792
1003698 xc_domain_create 1466171391033036 1466171391033150 114
