Time-1466165002187498 function startTime endTime duration
0 main_create 1466165002187498 1466165003326262 1138764
14 create_domain 1466165002187512 1466165003326240 1138728
93 acquire_lock 1466165002187591 1466165002187603 12
107 freemem 1466165002187605 1466165003188488 1000883
109 libxl_domain_need_memory 1466165002187607 1466165002187625 18
130 libxl_get_free_memory 1466165002187628 1466165002187718 90
1000999 libxl_domain_create_new 1466165003188497 1466165003324083 135586
1001100 initiate_domain_create 1466165003188598 1466165003324073 135475
1136589 release_lock 1466165003324087 1466165003324096 9
1136602 libxl_domain_unpause 1466165003324100 1466165003324110 10
1001420 libxl__domain_create_info_setdefault 1466165003188918 1466165003188936 18
1001446 libxl__domain_make 1466165003188944 1466165003199588 10644
1012113 libxl__domain_build_info_setdefault 1466165003199611 1466165003199621 10
1012363 libxl__bootloader_run 1466165003199861 1466165003324065 124204
1001467 xc_domain_create 1466165003188965 1466165003189080 115
