Time-1466164958256992 function startTime endTime duration
0 main_create 1466164958256992 1466164959391046 1134054
79 create_domain 1466164958257071 1466164959391019 1133948
339 acquire_lock 1466164958257331 1466164958257372 41
389 freemem 1466164958257381 1466164959260709 1003328
396 libxl_domain_need_memory 1466164958257388 1466164958257483 95
501 libxl_get_free_memory 1466164958257493 1466164958257820 327
1003727 libxl_domain_create_new 1466164959260719 1466164959389135 128416
1003832 initiate_domain_create 1466164959260824 1466164959389126 128302
1132147 release_lock 1466164959389139 1466164959389148 9
1132159 libxl_domain_unpause 1466164959389151 1466164959389162 11
1004211 libxl__domain_create_info_setdefault 1466164959261203 1466164959261230 27
1004246 libxl__domain_make 1466164959261238 1466164959268096 6858
1011112 libxl__domain_build_info_setdefault 1466164959268104 1466164959268106 2
1011168 libxl__bootloader_run 1466164959268160 1466164959389117 120957
1004269 xc_domain_create 1466164959261261 1466164959261377 116
