Time-1466163577935401 function startTime endTime duration
0 main_create 1466163577935401 1466163579016716 1081315
50 create_domain 1466163577935451 1466163579016692 1081241
338 acquire_lock 1466163577935739 1466163577935779 40
386 freemem 1466163577935787 1466163578938641 1002854
394 libxl_domain_need_memory 1466163577935795 1466163577935861 66
471 libxl_get_free_memory 1466163577935872 1466163577936194 322
1003249 libxl_domain_create_new 1466163578938650 1466163579014806 76156
1003356 initiate_domain_create 1466163578938757 1466163579014796 76039
1079408 release_lock 1466163579014809 1466163579014823 14
1079425 libxl_domain_unpause 1466163579014826 1466163579014836 10
1003686 libxl__domain_create_info_setdefault 1466163578939087 1466163578939106 19
1003713 libxl__domain_make 1466163578939114 1466163578949644 10530
1014266 libxl__domain_build_info_setdefault 1466163578949667 1466163578949677 10
1014513 libxl__bootloader_run 1466163578949914 1466163579014784 64870
1003735 xc_domain_create 1466163578939136 1466163578939250 114
