Time-1466163628851727 function startTime endTime duration
0 main_create 1466163628851727 1466163629937062 1085335
21 create_domain 1466163628851748 1466163629937029 1085281
92 acquire_lock 1466163628851819 1466163628851831 12
106 freemem 1466163628851833 1466163629852818 1000985
108 libxl_domain_need_memory 1466163628851835 1466163628851860 25
135 libxl_get_free_memory 1466163628851862 1466163628851951 89
1001100 libxl_domain_create_new 1466163629852827 1466163629933936 81109
1001205 initiate_domain_create 1466163629852932 1466163629933925 80993
1082212 release_lock 1466163629933939 1466163629933946 7
1082221 libxl_domain_unpause 1466163629933948 1466163629933956 8
1001539 libxl__domain_create_info_setdefault 1466163629853266 1466163629853286 20
1001567 libxl__domain_make 1466163629853294 1466163629864009 10715
1012305 libxl__domain_build_info_setdefault 1466163629864032 1466163629864042 10
1012558 libxl__bootloader_run 1466163629864285 1466163629933906 69621
1001588 xc_domain_create 1466163629853315 1466163629853426 111
