Time-1466108570116967 function startTime endTime duration
0 main_create 1466108570116967 1466108615172885 45055918
17 create_domain 1466108570116984 1466108615172852 45055868
99 acquire_lock 1466108570117066 1466108570117084 18
120 freemem 1466108570117087 1466108615145760 45028673
122 libxl_domain_need_memory 1466108570117089 1466108570117112 23
 libxl_get_free_memory 1466108570117115
1466108581122375
1466108592128900
1466108603135155
1466108614142747 1466108570117893
1466108581122743
1466108592129269
1466108603135533
1466108614143058 
45028803 libxl_domain_create_new 1466108615145770 1466108615169573 23803
45028945 initiate_domain_create 1466108615145912 1466108615169562 23650
45052611 release_lock 1466108615169578 1466108615169589 11
45052626 libxl_domain_unpause 1466108615169593 1466108615169606 13
45029330 libxl__domain_create_info_setdefault 1466108615146297 1466108615146324 27
45029367 libxl__domain_make 1466108615146334 1466108615152461 6127
45035503 libxl__domain_build_info_setdefault 1466108615152470 1466108615152473 3
45035569 libxl__bootloader_run 1466108615152536 1466108615169552 17016
45029391 xc_domain_create 1466108615146358 1466108615146484 126
