Time-1466108753326112 function startTime endTime duration
0 main_create 1466108753326112 1466108754350496 1024384
17 create_domain 1466108753326129 1466108754350467 1024338
119 acquire_lock 1466108753326231 1466108753326245 14
135 freemem 1466108753326247 1466108754327296 1001049
138 libxl_domain_need_memory 1466108753326250 1466108753326279 29
170 libxl_get_free_memory 1466108753326282 1466108753326388 106
1001193 libxl_domain_create_new 1466108754327305 1466108754348078 20773
1001300 initiate_domain_create 1466108754327412 1466108754348066 20654
1021970 release_lock 1466108754348082 1466108754348094 12
1021986 libxl_domain_unpause 1466108754348098 1466108754348122 24
1001585 libxl__domain_create_info_setdefault 1466108754327697 1466108754327704 7
1001594 libxl__domain_make 1466108754327706 1466108754331095 3389
1004989 libxl__domain_build_info_setdefault 1466108754331101 1466108754331104 3
1005069 libxl__bootloader_run 1466108754331181 1466108754348052 16871
1001601 xc_domain_create 1466108754327713 1466108754327753 40
