Time-1466108799043337 function startTime endTime duration
0 main_create 1466108799043337 1466108800070190 1026853
17 create_domain 1466108799043354 1466108800070165 1026811
102 acquire_lock 1466108799043439 1466108799043453 14
119 freemem 1466108799043456 1466108800044395 1000939
121 libxl_domain_need_memory 1466108799043458 1466108799043480 22
146 libxl_get_free_memory 1466108799043483 1466108799043566 83
1001067 libxl_domain_create_new 1466108800044404 1466108800066861 22457
1001177 initiate_domain_create 1466108800044514 1466108800066850 22336
1023529 release_lock 1466108800066866 1466108800066877 11
1023544 libxl_domain_unpause 1466108800066881 1466108800066895 14
1001563 libxl__domain_create_info_setdefault 1466108800044900 1466108800044927 27
1001598 libxl__domain_make 1466108800044935 1466108800049559 4624
1006231 libxl__domain_build_info_setdefault 1466108800049568 1466108800049571 3
1006311 libxl__bootloader_run 1466108800049648 1466108800066841 17193
1001619 xc_domain_create 1466108800044956 1466108800045080 124
