Time-1466162380434458 function startTime endTime duration
0 main_create 1466162380434458 1466162381490515 1056057
51 create_domain 1466162380434509 1466162381490492 1055983
363 acquire_lock 1466162380434821 1466162380434865 44
415 freemem 1466162380434873 1466162381437684 1002811
423 libxl_domain_need_memory 1466162380434881 1466162380434917 36
468 libxl_get_free_memory 1466162380434926 1466162380435302 376
1003235 libxl_domain_create_new 1466162381437693 1466162381487232 49539
1003340 initiate_domain_create 1466162381437798 1466162381487222 49424
1052776 release_lock 1466162381487234 1466162381487242 8
1052786 libxl_domain_unpause 1466162381487244 1466162381487252 8
1003736 libxl__domain_create_info_setdefault 1466162381438194 1466162381438221 27
1003771 libxl__domain_make 1466162381438229 1466162381447492 9263
1013062 libxl__domain_build_info_setdefault 1466162381447520 1466162381447530 10
1013266 libxl__bootloader_run 1466162381447724 1466162381487214 39490
1003793 xc_domain_create 1466162381438251 1466162381438373 122
