Time-1466162342133270 function startTime endTime duration
0 main_create 1466162342133270 1466162343175533 1042263
53 create_domain 1466162342133323 1466162343175500 1042177
315 acquire_lock 1466162342133585 1466162342133626 41
364 freemem 1466162342133634 1466162343138400 1004766
372 libxl_domain_need_memory 1466162342133642 1466162342133711 69
452 libxl_get_free_memory 1466162342133722 1466162342134109 387
1005138 libxl_domain_create_new 1466162343138408 1466162343172320 33912
1005244 initiate_domain_create 1466162343138514 1466162343172298 33784
1039053 release_lock 1466162343172323 1466162343172336 13
1039069 libxl_domain_unpause 1466162343172339 1466162343172351 12
1005621 libxl__domain_create_info_setdefault 1466162343138891 1466162343138918 27
1005656 libxl__domain_make 1466162343138926 1466162343143438 4512
1010176 libxl__domain_build_info_setdefault 1466162343143446 1466162343143448 2
1010232 libxl__bootloader_run 1466162343143502 1466162343172291 28789
1005677 xc_domain_create 1466162343138947 1466162343139071 124
