Time-1466110119464036 function startTime endTime duration
0 main_create 1466110119464036 1466110120497584 1033548
16 create_domain 1466110119464052 1466110120497557 1033505
106 acquire_lock 1466110119464142 1466110119464156 14
122 freemem 1466110119464158 1466110120465062 1000904
124 libxl_domain_need_memory 1466110119464160 1466110119464181 21
148 libxl_get_free_memory 1466110119464184 1466110119464263 79
1001034 libxl_domain_create_new 1466110120465070 1466110120494251 29181
1001140 initiate_domain_create 1466110120465176 1466110120494239 29063
1030220 release_lock 1466110120494256 1466110120494266 10
1030234 libxl_domain_unpause 1466110120494270 1466110120494279 9
1001526 libxl__domain_create_info_setdefault 1466110120465562 1466110120465589 27
1001561 libxl__domain_make 1466110120465597 1466110120476200 10603
1012192 libxl__domain_build_info_setdefault 1466110120476228 1466110120476238 10
1012395 libxl__bootloader_run 1466110120476431 1466110120494230 17799
1001583 xc_domain_create 1466110120465619 1466110120465734 115
