Time-1466110041346601 function startTime endTime duration
0 main_create 1466110041346601 1466110086401545 45054944
21 create_domain 1466110041346622 1466110086401517 45054895
108 acquire_lock 1466110041346709 1466110041346727 18
129 freemem 1466110041346730 1466110086374595 45027865
131 libxl_domain_need_memory 1466110041346732 1466110041346762 30
 libxl_get_free_memory 1466110041346765
1466110052352915
1466110063358518
1466110074363979
1466110085371677 1466110041347821
1466110052353179
1466110063358888
1466110074364350
1466110085371988 
45028004 libxl_domain_create_new 1466110086374605 1466110086398189 23584
45028109 initiate_domain_create 1466110086374710 1466110086398181 23471
45051592 release_lock 1466110086398193 1466110086398201 8
45051603 libxl_domain_unpause 1466110086398204 1466110086398217 13
45028493 libxl__domain_create_info_setdefault 1466110086375094 1466110086375122 28
45028531 libxl__domain_make 1466110086375132 1466110086380743 5611
45034151 libxl__domain_build_info_setdefault 1466110086380752 1466110086380756 4
45034218 libxl__bootloader_run 1466110086380819 1466110086398171 17352
45028555 xc_domain_create 1466110086375156 1466110086375282 126
