Time-1466110164402474 function startTime endTime duration
0 main_create 1466110164402474 1466110165435635 1033161
25 create_domain 1466110164402499 1466110165435608 1033109
108 acquire_lock 1466110164402582 1466110164402595 13
124 freemem 1466110164402598 1466110165403540 1000942
126 libxl_domain_need_memory 1466110164402600 1466110164402650 50
179 libxl_get_free_memory 1466110164402653 1466110164402742 89
1001075 libxl_domain_create_new 1466110165403549 1466110165433218 29669
1001184 initiate_domain_create 1466110165403658 1466110165433210 29552
1030747 release_lock 1466110165433221 1466110165433229 8
1030757 libxl_domain_unpause 1466110165433231 1466110165433239 8
1001909 libxl__domain_create_info_setdefault 1466110165404383 1466110165404410 27
1001945 libxl__domain_make 1466110165404419 1466110165415306 10887
1012856 libxl__domain_build_info_setdefault 1466110165415330 1466110165415340 10
1013103 libxl__bootloader_run 1466110165415577 1466110165433202 17625
1001966 xc_domain_create 1466110165404440 1466110165404553 113
