Time-1466157060169062 function startTime endTime duration
0 main_create 1466157060169062 1466157061210561 1041499
50 create_domain 1466157060169112 1466157061210540 1041428
313 acquire_lock 1466157060169375 1466157060169416 41
363 freemem 1466157060169425 1466157061172314 1002889
371 libxl_domain_need_memory 1466157060169433 1466157060169499 66
448 libxl_get_free_memory 1466157060169510 1466157060169829 319
1003261 libxl_domain_create_new 1466157061172323 1466157061208723 36400
1003373 initiate_domain_create 1466157061172435 1466157061208713 36278
1039665 release_lock 1466157061208727 1466157061208735 8
1039677 libxl_domain_unpause 1466157061208739 1466157061208748 9
1003712 libxl__domain_create_info_setdefault 1466157061172774 1466157061172794 20
1003740 libxl__domain_make 1466157061172802 1466157061178313 5511
1009256 libxl__domain_build_info_setdefault 1466157061178318 1466157061178321 3
1009322 libxl__bootloader_run 1466157061178384 1466157061208705 30321
1003760 xc_domain_create 1466157061172822 1466157061172941 119
