Time-1466156963264879 function startTime endTime duration
0 main_create 1466156963264879 1466156964310088 1045209
51 create_domain 1466156963264930 1466156964310064 1045134
314 acquire_lock 1466156963265193 1466156963265234 41
363 freemem 1466156963265242 1466156964268322 1003080
371 libxl_domain_need_memory 1466156963265250 1466156963265342 92
474 libxl_get_free_memory 1466156963265353 1466156963265738 385
1003452 libxl_domain_create_new 1466156964268331 1466156964308000 39669
1003558 initiate_domain_create 1466156964268437 1466156964307990 39553
1043125 release_lock 1466156964308004 1466156964308013 9
1043137 libxl_domain_unpause 1466156964308016 1466156964308025 9
1003943 libxl__domain_create_info_setdefault 1466156964268822 1466156964268850 28
1003979 libxl__domain_make 1466156964268858 1466156964278331 9473
1013480 libxl__domain_build_info_setdefault 1466156964278359 1466156964278369 10
1013685 libxl__bootloader_run 1466156964278564 1466156964307981 29417
1004006 xc_domain_create 1466156964268885 1466156964269004 119
