Time-1466185125185373 function startTime endTime duration
0 main_create 1466185125185373 1466185126424807 1239434
52 create_domain 1466185125185425 1466185126424788 1239363
337 acquire_lock 1466185125185710 1466185125185752 42
387 freemem 1466185125185760 1466185126188609 1002849
394 libxl_domain_need_memory 1466185125185767 1466185125185834 67
471 libxl_get_free_memory 1466185125185844 1466185125186195 351
1003245 libxl_domain_create_new 1466185126188618 1466185126422695 234077
1003355 initiate_domain_create 1466185126188728 1466185126422685 233957
1237326 release_lock 1466185126422699 1466185126422714 15
1237345 libxl_domain_unpause 1466185126422718 1466185126422727 9
1003697 libxl__domain_create_info_setdefault 1466185126189070 1466185126189089 19
1003724 libxl__domain_make 1466185126189097 1466185126193705 4608
1008337 libxl__domain_build_info_setdefault 1466185126193710 1466185126193712 2
1008402 libxl__bootloader_run 1466185126193775 1466185126422678 228903
1003746 xc_domain_create 1466185126189119 1466185126189241 122
