Time-1466185086185760 function startTime endTime duration
0 main_create 1466185086185760 1466185087445122 1259362
51 create_domain 1466185086185811 1466185087445101 1259290
342 acquire_lock 1466185086186102 1466185086186146 44
395 freemem 1466185086186155 1466185087189161 1003006
402 libxl_domain_need_memory 1466185086186162 1466185086186256 94
506 libxl_get_free_memory 1466185086186266 1466185086186615 349
1003409 libxl_domain_create_new 1466185087189169 1466185087442245 253076
1003515 initiate_domain_create 1466185087189275 1466185087442236 252961
1256489 release_lock 1466185087442249 1466185087442259 10
1256502 libxl_domain_unpause 1466185087442262 1466185087442272 10
1003897 libxl__domain_create_info_setdefault 1466185087189657 1466185087189684 27
1003932 libxl__domain_make 1466185087189692 1466185087199243 9551
1013510 libxl__domain_build_info_setdefault 1466185087199270 1466185087199280 10
1013715 libxl__bootloader_run 1466185087199475 1466185087442227 242752
1003954 xc_domain_create 1466185087189714 1466185087189838 124
