Time-1466184903133645 function startTime endTime duration
0 main_create 1466184903133645 1466184904372737 1239092
50 create_domain 1466184903133695 1466184904372710 1239015
371 acquire_lock 1466184903134016 1466184903134058 42
421 freemem 1466184903134066 1466184904136926 1002860
429 libxl_domain_need_memory 1466184903134074 1466184903134110 36
473 libxl_get_free_memory 1466184903134118 1466184903134479 361
1003289 libxl_domain_create_new 1466184904136934 1466184904370628 233694
1003394 initiate_domain_create 1466184904137039 1466184904370619 233580
1236987 release_lock 1466184904370632 1466184904370647 15
1237005 libxl_domain_unpause 1466184904370650 1466184904370660 10
1003729 libxl__domain_create_info_setdefault 1466184904137374 1466184904137393 19
1003756 libxl__domain_make 1466184904137401 1466184904147912 10511
1014290 libxl__domain_build_info_setdefault 1466184904147935 1466184904147945 10
1014538 libxl__bootloader_run 1466184904148183 1466184904370610 222427
1003778 xc_domain_create 1466184904137423 1466184904137539 116
