Time-1466184808695763 function startTime endTime duration
0 main_create 1466184808695763 1466184809916705 1220942
60 create_domain 1466184808695823 1466184809916676 1220853
323 acquire_lock 1466184808696086 1466184808696129 43
374 freemem 1466184808696137 1466184809698718 1002581
382 libxl_domain_need_memory 1466184808696145 1466184808696213 68
461 libxl_get_free_memory 1466184808696224 1466184808696541 317
1002964 libxl_domain_create_new 1466184809698727 1466184809913874 215147
1003066 initiate_domain_create 1466184809698829 1466184809913866 215037
1218114 release_lock 1466184809913877 1466184809913888 11
1218129 libxl_domain_unpause 1466184809913892 1466184809913902 10
1003430 libxl__domain_create_info_setdefault 1466184809699193 1466184809699220 27
1003466 libxl__domain_make 1466184809699229 1466184809704727 5498
1008971 libxl__domain_build_info_setdefault 1466184809704734 1466184809704736 2
1009026 libxl__bootloader_run 1466184809704789 1466184809913852 209063
1003488 xc_domain_create 1466184809699251 1466184809699368 117
