Time-1466186880243196 function startTime endTime duration
0 main_create 1466186880243196 1466186880627254 384058
78 create_domain 1466186880243274 1466186880627229 383955
332 acquire_lock 1466186880243528 1466186880243568 40
380 freemem 1466186880243576 1466186880246054 2478
387 libxl_domain_need_memory 1466186880243583 1466186880243676 93
490 libxl_get_free_memory 1466186880243686 1466186880243967 281
2868 libxl_domain_create_new 1466186880246064 1466186880625071 379007
2963 initiate_domain_create 1466186880246159 1466186880625061 378902
381879 release_lock 1466186880625075 1466186880625085 10
381893 libxl_domain_unpause 1466186880625089 1466186880625099 10
3168 libxl__domain_create_info_setdefault 1466186880246364 1466186880246382 18
3194 libxl__domain_make 1466186880246390 1466186880256239 9849
13067 libxl__domain_build_info_setdefault 1466186880256263 1466186880256273 10
13267 libxl__bootloader_run 1466186880256463 1466186880625052 368589
3214 xc_domain_create 1466186880246410 1466186880246530 120
