Time-1466186858947800 function startTime endTime duration
0 main_create 1466186858947800 1466186861321063 2373263
51 create_domain 1466186858947851 1466186861321035 2373184
334 acquire_lock 1466186858948134 1466186858948174 40
383 freemem 1466186858948183 1466186860951637 2003454
390 libxl_domain_need_memory 1466186858948190 1466186858948258 68
469 libxl_get_free_memory 1466186858948269 1466186858948649 380
2003846 libxl_domain_create_new 1466186860951646 1466186861318113 366467
2003950 initiate_domain_create 1466186860951750 1466186861318104 366354
2370316 release_lock 1466186861318116 1466186861318125 9
2370327 libxl_domain_unpause 1466186861318127 1466186861318136 9
2004319 libxl__domain_create_info_setdefault 1466186860952119 1466186860952146 27
2004354 libxl__domain_make 1466186860952154 1466186860956661 4507
2008868 libxl__domain_build_info_setdefault 1466186860956668 1466186860956670 2
2008924 libxl__bootloader_run 1466186860956724 1466186861318095 361371
2004377 xc_domain_create 1466186860952177 1466186860952295 118
