Time-1466185331847935 function startTime endTime duration
0 main_create 1466185331847935 1466185332100251 252316
14 create_domain 1466185331847949 1466185332100224 252275
85 acquire_lock 1466185331848020 1466185331848032 12
99 freemem 1466185331848034 1466185331849315 1281
101 libxl_domain_need_memory 1466185331848036 1466185331848055 19
122 libxl_get_free_memory 1466185331848057 1466185331848239 182
1382 libxl_domain_create_new 1466185331849317 1466185332098281 248964
1410 initiate_domain_create 1466185331849345 1466185332098271 248926
250349 release_lock 1466185332098284 1466185332098294 10
250362 libxl_domain_unpause 1466185332098297 1466185332098307 10
1470 libxl__domain_create_info_setdefault 1466185331849405 1466185331849409 4
1476 libxl__domain_make 1466185331849411 1466185331851763 2352
3835 libxl__domain_build_info_setdefault 1466185331851770 1466185331851772 2
3888 libxl__bootloader_run 1466185331851823 1466185332098263 246440
1482 xc_domain_create 1466185331849417 1466185331849451 34
