Time-1466185285175395 function startTime endTime duration
0 main_create 1466185285175395 1466185286436520 1261125
51 create_domain 1466185285175446 1466185286436501 1261055
314 acquire_lock 1466185285175709 1466185285175748 39
363 freemem 1466185285175758 1466185286179075 1003317
370 libxl_domain_need_memory 1466185285175765 1466185285175857 92
473 libxl_get_free_memory 1466185285175868 1466185285176261 393
1003689 libxl_domain_create_new 1466185286179084 1466185286434407 255323
1003797 initiate_domain_create 1466185286179192 1466185286434399 255207
1259015 release_lock 1466185286434410 1466185286434418 8
1259027 libxl_domain_unpause 1466185286434422 1466185286434429 7
1004174 libxl__domain_create_info_setdefault 1466185286179569 1466185286179596 27
1004210 libxl__domain_make 1466185286179605 1466185286187807 8202
1012420 libxl__domain_build_info_setdefault 1466185286187815 1466185286187817 2
1012476 libxl__bootloader_run 1466185286187871 1466185286434388 246517
1004231 xc_domain_create 1466185286179626 1466185286179744 118
