Time-1466109852321858 function startTime endTime duration
0 main_create 1466109852321858 1466109853347712 1025854
16 create_domain 1466109852321874 1466109853347522 1025648
120 acquire_lock 1466109852321978 1466109852321992 14
136 freemem 1466109852321994 1466109853323003 1001009
139 libxl_domain_need_memory 1466109852321997 1466109852322009 12
154 libxl_get_free_memory 1466109852322012 1466109852322112 100
1001155 libxl_domain_create_new 1466109853323013 1466109853344549 21536
1001260 initiate_domain_create 1466109853323118 1466109853344530 21412
1022697 release_lock 1466109853344555 1466109853344569 14
1022716 libxl_domain_unpause 1466109853344574 1466109853344587 13
1001587 libxl__domain_create_info_setdefault 1466109853323445 1466109853323465 20
1001615 libxl__domain_make 1466109853323473 1466109853327928 4455
1006078 libxl__domain_build_info_setdefault 1466109853327936 1466109853327939 3
1006142 libxl__bootloader_run 1466109853328000 1466109853344521 16521
1001637 xc_domain_create 1466109853323495 1466109853323609 114
