Time-1466109904123361 function startTime endTime duration
0 main_create 1466109904123361 1466109905161199 1037838
17 create_domain 1466109904123378 1466109905161177 1037799
104 acquire_lock 1466109904123465 1466109904123479 14
120 freemem 1466109904123481 1466109905124504 1001023
123 libxl_domain_need_memory 1466109904123484 1466109904123505 21
147 libxl_get_free_memory 1466109904123508 1466109904123604 96
1001152 libxl_domain_create_new 1466109905124513 1466109905158803 34290
1001261 initiate_domain_create 1466109905124622 1466109905158792 34170
1035446 release_lock 1466109905158807 1466109905158818 11
1035461 libxl_domain_unpause 1466109905158822 1466109905158833 11
1001596 libxl__domain_create_info_setdefault 1466109905124957 1466109905124975 18
1001622 libxl__domain_make 1466109905124983 1466109905135718 10735
1012381 libxl__domain_build_info_setdefault 1466109905135742 1466109905135752 10
1012634 libxl__bootloader_run 1466109905135995 1466109905158782 22787
1001643 xc_domain_create 1466109905125004 1466109905125116 112
