Time-1466109764252972 function startTime endTime duration
0 main_create 1466109764252972 1466109809308626 45055654
16 create_domain 1466109764252988 1466109809308594 45055606
96 acquire_lock 1466109764253068 1466109764253086 18
117 freemem 1466109764253089 1466109809281524 45028435
119 libxl_domain_need_memory 1466109764253091 1466109764253121 30
 libxl_get_free_memory 1466109764253124
1466109775261324
1466109786265612
1466109797270879
1466109808278510 1466109764253908
1466109775261414
1466109786265982
1466109797271250
1466109808278819 
45028555 libxl_domain_create_new 1466109809281527 1466109809305177 23650
45028598 initiate_domain_create 1466109809281570 1466109809305156 23586
45052211 release_lock 1466109809305183 1466109809305194 11
45052227 libxl_domain_unpause 1466109809305199 1466109809305235 36
45028726 libxl__domain_create_info_setdefault 1466109809281698 1466109809281707 9
45028738 libxl__domain_make 1466109809281710 1466109809287406 5696
45034443 libxl__domain_build_info_setdefault 1466109809287415 1466109809287418 3
45034508 libxl__bootloader_run 1466109809287480 1466109809305145 17665
45028745 xc_domain_create 1466109809281717 1466109809281759 42
