Time-1466186145170223 function startTime endTime duration
0 main_create 1466186145170223 1466186146482686 1312463
55 create_domain 1466186145170278 1466186146482666 1312388
377 acquire_lock 1466186145170600 1466186145170640 40
425 freemem 1466186145170648 1466186146174052 1003404
432 libxl_domain_need_memory 1466186145170655 1466186145170691 36
476 libxl_get_free_memory 1466186145170699 1466186145171037 338
1003839 libxl_domain_create_new 1466186146174062 1466186146480347 306285
1003945 initiate_domain_create 1466186146174168 1466186146480337 306169
1310128 release_lock 1466186146480351 1466186146480360 9
1310141 libxl_domain_unpause 1466186146480364 1466186146480375 11
1004321 libxl__domain_create_info_setdefault 1466186146174544 1466186146174572 28
1004357 libxl__domain_make 1466186146174580 1466186146184041 9461
1013847 libxl__domain_build_info_setdefault 1466186146184070 1466186146184079 9
1014049 libxl__bootloader_run 1466186146184272 1466186146480329 296057
1004379 xc_domain_create 1466186146174602 1466186146174719 117
