Time-1466186101482189 function startTime endTime duration
0 main_create 1466186101482189 1466186102781237 1299048
48 create_domain 1466186101482237 1466186102781214 1298977
305 acquire_lock 1466186101482494 1466186101482535 41
354 freemem 1466186101482543 1466186102485418 1002875
361 libxl_domain_need_memory 1466186101482550 1466186101482616 66
438 libxl_get_free_memory 1466186101482627 1466186101482947 320
1003237 libxl_domain_create_new 1466186102485426 1466186102778472 293046
1003344 initiate_domain_create 1466186102485533 1466186102778462 292929
1296287 release_lock 1466186102778476 1466186102778485 9
1296300 libxl_domain_unpause 1466186102778489 1466186102778499 10
1003725 libxl__domain_create_info_setdefault 1466186102485914 1466186102485941 27
1003759 libxl__domain_make 1466186102485948 1466186102495055 9107
1012895 libxl__domain_build_info_setdefault 1466186102495084 1466186102495093 9
1013094 libxl__bootloader_run 1466186102495283 1466186102778453 283170
1003781 xc_domain_create 1466186102485970 1466186102486087 117
