Time-1466109593926518 function startTime endTime duration
0 main_create 1466109593926518 1466109594963350 1036832
19 create_domain 1466109593926537 1466109594963327 1036790
107 acquire_lock 1466109593926625 1466109593926639 14
124 freemem 1466109593926642 1466109594927564 1000922
126 libxl_domain_need_memory 1466109593926644 1466109593926675 31
160 libxl_get_free_memory 1466109593926678 1466109593926760 82
1001055 libxl_domain_create_new 1466109594927573 1466109594960078 32505
1001167 initiate_domain_create 1466109594927685 1466109594960070 32385
1033564 release_lock 1466109594960082 1466109594960089 7
1033574 libxl_domain_unpause 1466109594960092 1466109594960100 8
1001550 libxl__domain_create_info_setdefault 1466109594928068 1466109594928095 27
1001585 libxl__domain_make 1466109594928103 1466109594938494 10391
1012006 libxl__domain_build_info_setdefault 1466109594938524 1466109594938533 9
1012209 libxl__bootloader_run 1466109594938727 1466109594960061 21334
1001606 xc_domain_create 1466109594928124 1466109594928252 128
