Time-1466109640190667 function startTime endTime duration
0 main_create 1466109640190667 1466109641223513 1032846
18 create_domain 1466109640190685 1466109641223489 1032804
111 acquire_lock 1466109640190778 1466109640190792 14
128 freemem 1466109640190795 1466109641191656 1000861
130 libxl_domain_need_memory 1466109640190797 1466109640190818 21
154 libxl_get_free_memory 1466109640190821 1466109640190901 80
1000997 libxl_domain_create_new 1466109641191664 1466109641220836 29172
1001108 initiate_domain_create 1466109641191775 1466109641220828 29053
1030172 release_lock 1466109641220839 1466109641220847 8
1030183 libxl_domain_unpause 1466109641220850 1466109641220866 16
1001428 libxl__domain_create_info_setdefault 1466109641192095 1466109641192122 27
1001463 libxl__domain_make 1466109641192130 1466109641202481 10351
1011843 libxl__domain_build_info_setdefault 1466109641202510 1466109641202519 9
1012044 libxl__bootloader_run 1466109641202711 1466109641220816 18105
1001485 xc_domain_create 1466109641192152 1466109641192277 125
