Time-1466109523949477 function startTime endTime duration
0 main_create 1466109523949477 1466109569007658 45058181
18 create_domain 1466109523949495 1466109569007629 45058134
119 acquire_lock 1466109523949596 1466109523949614 18
139 freemem 1466109523949616 1466109568979253 45029637
142 libxl_domain_need_memory 1466109523949619 1466109523949630 11
 libxl_get_free_memory 1466109523949633
1466109534954856
1466109545961610
1466109556968384
1466109567976370 1466109523950386
1466109534955209
1466109545962039
1466109556968755
1466109567976604 
45029785 libxl_domain_create_new 1466109568979262 1466109569004372 25110
45029890 initiate_domain_create 1466109568979367 1466109569004365 24998
45054899 release_lock 1466109569004376 1466109569004384 8
45054910 libxl_domain_unpause 1466109569004387 1466109569004395 8
45030273 libxl__domain_create_info_setdefault 1466109568979750 1466109568979778 28
45030310 libxl__domain_make 1466109568979787 1466109568987189 7402
45037721 libxl__domain_build_info_setdefault 1466109568987198 1466109568987201 3
45037787 libxl__bootloader_run 1466109568987264 1466109569004357 17093
45030332 xc_domain_create 1466109568979809 1466109568979935 126
