Time-1466186720783333 function startTime endTime duration
0 main_create 1466186720783333 1466186722133477 1350144
51 create_domain 1466186720783384 1466186722133455 1350071
314 acquire_lock 1466186720783647 1466186720783689 42
365 freemem 1466186720783698 1466186721787076 1003378
373 libxl_domain_need_memory 1466186720783706 1466186720783798 92
476 libxl_get_free_memory 1466186720783809 1466186720784195 386
1003752 libxl_domain_create_new 1466186721787085 1466186722130723 343638
1003858 initiate_domain_create 1466186721787191 1466186722130716 343525
1347393 release_lock 1466186722130726 1466186722130732 6
1347401 libxl_domain_unpause 1466186722130734 1466186722130744 10
1004237 libxl__domain_create_info_setdefault 1466186721787570 1466186721787597 27
1004272 libxl__domain_make 1466186721787605 1466186721793619 6014
1010293 libxl__domain_build_info_setdefault 1466186721793626 1466186721793628 2
1010348 libxl__bootloader_run 1466186721793681 1466186722130708 337027
1004294 xc_domain_create 1466186721787627 1466186721787750 123
