Time-1466186690115465 function startTime endTime duration
0 main_create 1466186690115465 1466186692470751 2355286
15 create_domain 1466186690115480 1466186692470724 2355244
87 acquire_lock 1466186690115552 1466186690115565 13
102 freemem 1466186690115567 1466186692117189 2001622
104 libxl_domain_need_memory 1466186690115569 1466186690115588 19
125 libxl_get_free_memory 1466186690115590 1466186690115736 146
2001733 libxl_domain_create_new 1466186692117198 1466186692467960 350762
2001842 initiate_domain_create 1466186692117307 1466186692467950 350643
2352499 release_lock 1466186692467964 1466186692467974 10
2352513 libxl_domain_unpause 1466186692467978 1466186692467990 12
2002184 libxl__domain_create_info_setdefault 1466186692117649 1466186692117675 26
2002219 libxl__domain_make 1466186692117684 1466186692128305 10621
2012866 libxl__domain_build_info_setdefault 1466186692128331 1466186692128342 11
2013118 libxl__bootloader_run 1466186692128583 1466186692467941 339358
2002243 xc_domain_create 1466186692117708 1466186692117830 122
