Time-1466187194845562 function startTime endTime duration
0 main_create 1466187194845562 1466187197251011 2405449
51 create_domain 1466187194845613 1466187197250980 2405367
373 acquire_lock 1466187194845935 1466187194845980 45
427 freemem 1466187194845989 1466187196849129 2003140
434 libxl_domain_need_memory 1466187194845996 1466187194846063 67
512 libxl_get_free_memory 1466187194846074 1466187194846444 370
2003576 libxl_domain_create_new 1466187196849138 1466187197248131 398993
2003684 initiate_domain_create 1466187196849246 1466187197248121 398875
2402573 release_lock 1466187197248135 1466187197248141 6
2402581 libxl_domain_unpause 1466187197248143 1466187197248151 8
2004040 libxl__domain_create_info_setdefault 1466187196849602 1466187196849629 27
2004075 libxl__domain_make 1466187196849637 1466187196859460 9823
2013926 libxl__domain_build_info_setdefault 1466187196859488 1466187196859497 9
2014129 libxl__bootloader_run 1466187196859691 1466187197248115 388424
2004096 xc_domain_create 1466187196849658 1466187196849789 131
