Time-1466187232330394 function startTime endTime duration
0 main_create 1466187232330394 1466187233733296 1402902
51 create_domain 1466187232330445 1466187233733269 1402824
313 acquire_lock 1466187232330707 1466187232330747 40
361 freemem 1466187232330755 1466187233334106 1003351
369 libxl_domain_need_memory 1466187232330763 1466187232330859 96
475 libxl_get_free_memory 1466187232330869 1466187232331262 393
1003721 libxl_domain_create_new 1466187233334115 1466187233731110 396995
1003830 initiate_domain_create 1466187233334224 1466187233731102 396878
1400723 release_lock 1466187233731117 1466187233731124 7
1400732 libxl_domain_unpause 1466187233731126 1466187233731133 7
1004211 libxl__domain_create_info_setdefault 1466187233334605 1466187233334632 27
1004246 libxl__domain_make 1466187233334640 1466187233340610 5970
1010222 libxl__domain_build_info_setdefault 1466187233340616 1466187233340619 3
1010280 libxl__bootloader_run 1466187233340674 1466187233731096 390422
1004269 xc_domain_create 1466187233334663 1466187233334784 121
