Time-1466164756182400 function startTime endTime duration
0 main_create 1466164756182400 1466164757303937 1121537
53 create_domain 1466164756182453 1466164757303917 1121464
373 acquire_lock 1466164756182773 1466164756182812 39
421 freemem 1466164756182821 1466164757185658 1002837
428 libxl_domain_need_memory 1466164756182828 1466164756182864 36
473 libxl_get_free_memory 1466164756182873 1466164756183246 373
1003267 libxl_domain_create_new 1466164757185667 1466164757301264 115597
1003372 initiate_domain_create 1466164757185772 1466164757301252 115480
1118866 release_lock 1466164757301266 1466164757301273 7
1118875 libxl_domain_unpause 1466164757301275 1466164757301283 8
1003753 libxl__domain_create_info_setdefault 1466164757186153 1466164757186180 27
1003788 libxl__domain_make 1466164757186188 1466164757195985 9797
1013612 libxl__domain_build_info_setdefault 1466164757196012 1466164757196022 10
1013815 libxl__bootloader_run 1466164757196215 1466164757301243 105028
1003810 xc_domain_create 1466164757186210 1466164757186330 120
