Time-1466164707060234 function startTime endTime duration
0 main_create 1466164707060234 1466164708181326 1121092
14 create_domain 1466164707060248 1466164708181308 1121060
98 acquire_lock 1466164707060332 1466164707060344 12
112 freemem 1466164707060346 1466164708061905 1001559
114 libxl_domain_need_memory 1466164707060348 1466164707060358 10
126 libxl_get_free_memory 1466164707060360 1466164707060527 167
1001682 libxl_domain_create_new 1466164708061916 1466164708178852 116936
1001787 initiate_domain_create 1466164708062021 1466164708178843 116822
1118622 release_lock 1466164708178856 1466164708178864 8
1118633 libxl_domain_unpause 1466164708178867 1466164708178874 7
1002136 libxl__domain_create_info_setdefault 1466164708062370 1466164708062385 15
1002159 libxl__domain_make 1466164708062393 1466164708071765 9372
1011553 libxl__domain_build_info_setdefault 1466164708071787 1466164708071796 9
1011755 libxl__bootloader_run 1466164708071989 1466164708178835 106846
1002180 xc_domain_create 1466164708062414 1466164708062532 118
