Time-1466164077629638 function startTime endTime duration
0 main_create 1466164077629638 1466164078722422 1092784
56 create_domain 1466164077629694 1466164078722401 1092707
412 acquire_lock 1466164077630050 1466164077630096 46
466 freemem 1466164077630104 1466164078632881 1002777
474 libxl_domain_need_memory 1466164077630112 1466164077630149 37
520 libxl_get_free_memory 1466164077630158 1466164077630487 329
1003251 libxl_domain_create_new 1466164078632889 1466164078720551 87662
1003352 initiate_domain_create 1466164078632990 1466164078720540 87550
1090916 release_lock 1466164078720554 1466164078720566 12
1090932 libxl_domain_unpause 1466164078720570 1466164078720580 10
1003666 libxl__domain_create_info_setdefault 1466164078633304 1466164078633323 19
1003693 libxl__domain_make 1466164078633331 1466164078637695 4364
1008062 libxl__domain_build_info_setdefault 1466164078637700 1466164078637703 3
1008128 libxl__bootloader_run 1466164078637766 1466164078720528 82762
1003715 xc_domain_create 1466164078633353 1466164078633471 118
