Time-1466164109500746 function startTime endTime duration
0 main_create 1466164109500746 1466164110603358 1102612
52 create_domain 1466164109500798 1466164110603339 1102541
311 acquire_lock 1466164109501057 1466164109501099 42
362 freemem 1466164109501108 1466164110503864 1002756
370 libxl_domain_need_memory 1466164109501116 1466164109501182 66
447 libxl_get_free_memory 1466164109501193 1466164109501513 320
1003126 libxl_domain_create_new 1466164110503872 1466164110601210 97338
1003230 initiate_domain_create 1466164110503976 1466164110601201 97225
1100468 release_lock 1466164110601214 1466164110601223 9
1100480 libxl_domain_unpause 1466164110601226 1466164110601237 11
1003561 libxl__domain_create_info_setdefault 1466164110504307 1466164110504327 20
1003588 libxl__domain_make 1466164110504334 1466164110514941 10607
1014201 libxl__domain_build_info_setdefault 1466164110514947 1466164110514949 2
1014270 libxl__bootloader_run 1466164110515016 1466164110601192 86176
1003610 xc_domain_create 1466164110504356 1466164110504473 117
