Time-1466186508042510 function startTime endTime duration
0 main_create 1466186508042510 1466186510372357 2329847
50 create_domain 1466186508042560 1466186510372328 2329768
312 acquire_lock 1466186508042822 1466186508042861 39
360 freemem 1466186508042870 1466186510045945 2003075
367 libxl_domain_need_memory 1466186508042877 1466186508042941 64
442 libxl_get_free_memory 1466186508042952 1466186508043289 337
2003445 libxl_domain_create_new 1466186510045955 1466186510367715 321760
2003579 initiate_domain_create 1466186510046089 1466186510367708 321619
2325208 release_lock 1466186510367718 1466186510367724 6
2325216 libxl_domain_unpause 1466186510367726 1466186510367735 9
2003925 libxl__domain_create_info_setdefault 1466186510046435 1466186510046463 28
2003961 libxl__domain_make 1466186510046471 1466186510050389 3918
2007886 libxl__domain_build_info_setdefault 1466186510050396 1466186510050399 3
2007942 libxl__bootloader_run 1466186510050452 1466186510367702 317250
2003984 xc_domain_create 1466186510046494 1466186510046617 123
