Time-1466186535180150 function startTime endTime duration
0 main_create 1466186535180150 1466186536509160 1329010
52 create_domain 1466186535180202 1466186536509136 1328934
365 acquire_lock 1466186535180515 1466186535180555 40
414 freemem 1466186535180564 1466186536183344 1002780
421 libxl_domain_need_memory 1466186535180571 1466186535180607 36
465 libxl_get_free_memory 1466186535180615 1466186535180961 346
1003202 libxl_domain_create_new 1466186536183352 1466186536507576 324224
1003305 initiate_domain_create 1466186536183455 1466186536507566 324111
1327431 release_lock 1466186536507581 1466186536507590 9
1327444 libxl_domain_unpause 1466186536507594 1466186536507604 10
1003631 libxl__domain_create_info_setdefault 1466186536183781 1466186536183808 27
1003665 libxl__domain_make 1466186536183815 1466186536189713 5898
1009569 libxl__domain_build_info_setdefault 1466186536189719 1466186536189722 3
1009626 libxl__bootloader_run 1466186536189776 1466186536507558 317782
1003687 xc_domain_create 1466186536183837 1466186536183954 117
