Time-1466162587342425 function startTime endTime duration
0 main_create 1466162587342425 1466162588416544 1074119
55 create_domain 1466162587342480 1466162588416488 1074008
312 acquire_lock 1466162587342737 1466162587342778 41
362 freemem 1466162587342787 1466162588345755 1002968
369 libxl_domain_need_memory 1466162587342794 1466162587342886 92
471 libxl_get_free_memory 1466162587342896 1466162587343264 368
1003339 libxl_domain_create_new 1466162588345764 1466162588413195 67431
1003444 initiate_domain_create 1466162588345869 1466162588413185 67316
1070774 release_lock 1466162588413199 1466162588413213 14
1070794 libxl_domain_unpause 1466162588413219 1466162588413230 11
1003781 libxl__domain_create_info_setdefault 1466162588346206 1466162588346225 19
1003808 libxl__domain_make 1466162588346233 1466162588356921 10688
1014520 libxl__domain_build_info_setdefault 1466162588356945 1466162588356955 10
1014771 libxl__bootloader_run 1466162588357196 1466162588413166 55970
1003829 xc_domain_create 1466162588346254 1466162588346371 117
