Time-1466162617942736 function startTime endTime duration
0 main_create 1466162617942736 1466162619017430 1074694
50 create_domain 1466162617942786 1466162619017110 1074324
308 acquire_lock 1466162617943044 1466162617943085 41
358 freemem 1466162617943094 1466162618946034 1002940
365 libxl_domain_need_memory 1466162617943101 1466162617943254 153
530 libxl_get_free_memory 1466162617943266 1466162617943572 306
1003307 libxl_domain_create_new 1466162618946043 1466162619014027 67984
1003416 initiate_domain_create 1466162618946152 1466162619014017 67865
1071295 release_lock 1466162619014031 1466162619014040 9
1071307 libxl_domain_unpause 1466162619014043 1466162619014057 14
1003764 libxl__domain_create_info_setdefault 1466162618946500 1466162618946520 20
1003792 libxl__domain_make 1466162618946528 1466162618957210 10682
1014498 libxl__domain_build_info_setdefault 1466162618957234 1466162618957244 10
1014743 libxl__bootloader_run 1466162618957479 1466162619014009 56530
1003812 xc_domain_create 1466162618946548 1466162618946663 115
