Time-1466164318840702 function startTime endTime duration
0 main_create 1466164318840702 1466164319943452 1102750
13 create_domain 1466164318840715 1466164319943431 1102716
84 acquire_lock 1466164318840786 1466164318840797 11
98 freemem 1466164318840800 1466164319841773 1000973
100 libxl_domain_need_memory 1466164318840802 1466164318840820 18
121 libxl_get_free_memory 1466164318840823 1466164318840911 88
1001081 libxl_domain_create_new 1466164319841783 1466164319941693 99910
1001233 initiate_domain_create 1466164319841935 1466164319941683 99748
1100995 release_lock 1466164319941697 1466164319941706 9
1101008 libxl_domain_unpause 1466164319941710 1466164319941720 10
1001621 libxl__domain_create_info_setdefault 1466164319842323 1466164319842350 27
1001657 libxl__domain_make 1466164319842359 1466164319852077 9718
1011403 libxl__domain_build_info_setdefault 1466164319852105 1466164319852115 10
1011609 libxl__bootloader_run 1466164319852311 1466164319941676 89365
1001679 xc_domain_create 1466164319842381 1466164319842496 115
