Time-1466164348159885 function startTime endTime duration
0 main_create 1466164348159885 1466164349262204 1102319
13 create_domain 1466164348159898 1466164349262184 1102286
84 acquire_lock 1466164348159969 1466164348159981 12
98 freemem 1466164348159983 1466164349161013 1001030
100 libxl_domain_need_memory 1466164348159985 1466164348160011 26
129 libxl_get_free_memory 1466164348160014 1466164348160120 106
1001137 libxl_domain_create_new 1466164349161022 1466164349259528 98506
1001241 initiate_domain_create 1466164349161126 1466164349259519 98393
1099647 release_lock 1466164349259532 1466164349259541 9
1099660 libxl_domain_unpause 1466164349259545 1466164349259554 9
1001583 libxl__domain_create_info_setdefault 1466164349161468 1466164349161488 20
1001611 libxl__domain_make 1466164349161496 1466164349172127 10631
1012266 libxl__domain_build_info_setdefault 1466164349172151 1466164349172160 9
1012514 libxl__bootloader_run 1466164349172399 1466164349259510 87111
1001633 xc_domain_create 1466164349161518 1466164349161632 114
