Time-1466170080385333 function startTime endTime duration
0 main_create 1466170080385333 1466170081560297 1174964
15 create_domain 1466170080385348 1466170081560272 1174924
84 acquire_lock 1466170080385417 1466170080385428 11
97 freemem 1466170080385430 1466170081386594 1001164
99 libxl_domain_need_memory 1466170080385432 1466170080385456 24
126 libxl_get_free_memory 1466170080385459 1466170080385602 143
1001270 libxl_domain_create_new 1466170081386603 1466170081558163 171560
1001374 initiate_domain_create 1466170081386707 1466170081558154 171447
1172834 release_lock 1466170081558167 1466170081558177 10
1172848 libxl_domain_unpause 1466170081558181 1466170081558191 10
1001716 libxl__domain_create_info_setdefault 1466170081387049 1466170081387069 20
1001743 libxl__domain_make 1466170081387076 1466170081397723 10647
1012413 libxl__domain_build_info_setdefault 1466170081397746 1466170081397756 10
1012692 libxl__bootloader_run 1466170081398025 1466170081558147 160122
1001765 xc_domain_create 1466170081387098 1466170081387215 117
