Time-1466169940667058 function startTime endTime duration
0 main_create 1466169940667058 1466169941840413 1173355
15 create_domain 1466169940667073 1466169941840394 1173321
101 acquire_lock 1466169940667159 1466169940667171 12
115 freemem 1466169940667173 1466169941668378 1001205
117 libxl_domain_need_memory 1466169940667175 1466169940667199 24
144 libxl_get_free_memory 1466169940667202 1466169940667328 126
1001329 libxl_domain_create_new 1466169941668387 1466169941838331 169944
1001436 initiate_domain_create 1466169941668494 1466169941838321 169827
1171278 release_lock 1466169941838336 1466169941838343 7
1171287 libxl_domain_unpause 1466169941838345 1466169941838353 8
1001817 libxl__domain_create_info_setdefault 1466169941668875 1466169941668902 27
1001852 libxl__domain_make 1466169941668910 1466169941678496 9586
1011467 libxl__domain_build_info_setdefault 1466169941678525 1466169941678535 10
1011674 libxl__bootloader_run 1466169941678732 1466169941838313 159581
1001874 xc_domain_create 1466169941668932 1466169941669053 121
