Time-1466165545575688 function startTime endTime duration
0 main_create 1466165545575688 1466165546724363 1148675
51 create_domain 1466165545575739 1466165546724333 1148594
366 acquire_lock 1466165545576054 1466165545576094 40
415 freemem 1466165545576103 1466165546578949 1002846
422 libxl_domain_need_memory 1466165545576110 1466165545576145 35
467 libxl_get_free_memory 1466165545576155 1466165545576474 319
1003270 libxl_domain_create_new 1466165546578958 1466165546721602 142644
1003380 initiate_domain_create 1466165546579068 1466165546721592 142524
1145918 release_lock 1466165546721606 1466165546721613 7
1145927 libxl_domain_unpause 1466165546721615 1466165546721625 10
1003721 libxl__domain_create_info_setdefault 1466165546579409 1466165546579428 19
1003747 libxl__domain_make 1466165546579435 1466165546584410 4975
1008727 libxl__domain_build_info_setdefault 1466165546584415 1466165546584417 2
1008792 libxl__bootloader_run 1466165546584480 1466165546721584 137104
1003769 xc_domain_create 1466165546579457 1466165546579582 125
