Time-1466165613583865 function startTime endTime duration
0 main_create 1466165613583865 1466165614739794 1155929
21 create_domain 1466165613583886 1466165614739766 1155880
92 acquire_lock 1466165613583957 1466165613583969 12
106 freemem 1466165613583971 1466165614585338 1001367
108 libxl_domain_need_memory 1466165613583973 1466165613583998 25
136 libxl_get_free_memory 1466165613584001 1466165613584132 131
1001483 libxl_domain_create_new 1466165614585348 1466165614737747 152399
1001599 initiate_domain_create 1466165614585464 1466165614737740 152276
1153885 release_lock 1466165614737750 1466165614737757 7
1153898 libxl_domain_unpause 1466165614737763 1466165614737773 10
1002843 libxl__domain_create_info_setdefault 1466165614586708 1466165614586753 45
1002898 libxl__domain_make 1466165614586763 1466165614596171 9408
1012336 libxl__domain_build_info_setdefault 1466165614596201 1466165614596211 10
1012539 libxl__bootloader_run 1466165614596404 1466165614737732 141328
1002924 xc_domain_create 1466165614586789 1466165614586919 130
