Time-1466164551971239 function startTime endTime duration
0 main_create 1466164551971239 1466164553085595 1114356
52 create_domain 1466164551971291 1466164553085576 1114285
370 acquire_lock 1466164551971609 1466164551971650 41
420 freemem 1466164551971659 1466164552974520 1002861
427 libxl_domain_need_memory 1466164551971666 1466164551971701 35
471 libxl_get_free_memory 1466164551971710 1466164551972038 328
1003290 libxl_domain_create_new 1466164552974529 1466164553083070 108541
1003400 initiate_domain_create 1466164552974639 1466164553083060 108421
1111835 release_lock 1466164553083074 1466164553083087 13
1111851 libxl_domain_unpause 1466164553083090 1466164553083098 8
1003785 libxl__domain_create_info_setdefault 1466164552975024 1466164552975051 27
1003821 libxl__domain_make 1466164552975060 1466164552980341 5281
1009109 libxl__domain_build_info_setdefault 1466164552980348 1466164552980351 3
1009164 libxl__bootloader_run 1466164552980403 1466164553083047 102644
1003843 xc_domain_create 1466164552975082 1466164552975215 133
