Time-1466164513949643 function startTime endTime duration
0 main_create 1466164513949643 1466164515078562 1128919
51 create_domain 1466164513949694 1466164515078537 1128843
369 acquire_lock 1466164513950012 1466164513950084 72
454 freemem 1466164513950097 1466164514953260 1003163
462 libxl_domain_need_memory 1466164513950105 1466164513950198 93
566 libxl_get_free_memory 1466164513950209 1466164513950529 320
1003626 libxl_domain_create_new 1466164514953269 1466164515076365 123096
1003732 initiate_domain_create 1466164514953375 1466164515076357 122982
1126724 release_lock 1466164515076367 1466164515076379 12
1126740 libxl_domain_unpause 1466164515076383 1466164515076391 8
1004109 libxl__domain_create_info_setdefault 1466164514953752 1466164514953779 27
1004145 libxl__domain_make 1466164514953788 1466164514963546 9758
1013932 libxl__domain_build_info_setdefault 1466164514963575 1466164514963584 9
1014135 libxl__bootloader_run 1466164514963778 1466164515076348 112570
1004168 xc_domain_create 1466164514953811 1466164514953935 124
