Time-1466165794362968 function startTime endTime duration
0 main_create 1466165794362968 1466165795539469 1176501
15 create_domain 1466165794362983 1466165795539441 1176458
85 acquire_lock 1466165794363053 1466165794363065 12
99 freemem 1466165794363067 1466165795364016 1000949
101 libxl_domain_need_memory 1466165794363069 1466165794363094 25
128 libxl_get_free_memory 1466165794363096 1466165794363185 89
1001059 libxl_domain_create_new 1466165795364027 1466165795537575 173548
1001165 initiate_domain_create 1466165795364133 1466165795537565 173432
1174613 release_lock 1466165795537581 1466165795537591 10
1174626 libxl_domain_unpause 1466165795537594 1466165795537604 10
1001502 libxl__domain_create_info_setdefault 1466165795364470 1466165795364490 20
1001529 libxl__domain_make 1466165795364497 1466165795374749 10252
1011803 libxl__domain_build_info_setdefault 1466165795374771 1466165795374781 10
1012006 libxl__bootloader_run 1466165795374974 1466165795537557 162583
1001552 xc_domain_create 1466165795364520 1466165795364636 116
