Time-1466165830245549 function startTime endTime duration
0 main_create 1466165830245549 1466165831419688 1174139
53 create_domain 1466165830245602 1466165831419666 1174064
420 acquire_lock 1466165830245969 1466165830246017 48
477 freemem 1466165830246026 1466165831249109 1003083
484 libxl_domain_need_memory 1466165830246033 1466165830246069 36
528 libxl_get_free_memory 1466165830246077 1466165830246420 343
1003569 libxl_domain_create_new 1466165831249118 1466165831416606 167488
1003676 initiate_domain_create 1466165831249225 1466165831416598 167373
1171060 release_lock 1466165831416609 1466165831416617 8
1171070 libxl_domain_unpause 1466165831416619 1466165831416628 9
1004064 libxl__domain_create_info_setdefault 1466165831249613 1466165831249641 28
1004100 libxl__domain_make 1466165831249649 1466165831259318 9669
1013798 libxl__domain_build_info_setdefault 1466165831259347 1466165831259357 10
1013929 libxl__bootloader_run 1466165831259478 1466165831416589 157111
1004122 xc_domain_create 1466165831249671 1466165831249786 115
