Time-1466108988851566 function startTime endTime duration
0 main_create 1466108988851566 1466109033912923 45061357
26 create_domain 1466108988851592 1466109033912900 45061308
163 acquire_lock 1466108988851729 1466108988851755 26
193 freemem 1466108988851759 1466109033881196 45029437
196 libxl_domain_need_memory 1466108988851762 1466108988851793 31
 libxl_get_free_memory 1466108988851798
1466108999857229
1466109010864298
1466109021871107
1466109032878315 1466108988853041
1466108999857601
1466109010864674
1466109021871491
1466109032878626 
45029641 libxl_domain_create_new 1466109033881207 1466109033910152 28945
45029745 initiate_domain_create 1466109033881311 1466109033910143 28832
45058589 release_lock 1466109033910155 1466109033910164 9
45058601 libxl_domain_unpause 1466109033910167 1466109033910177 10
45030128 libxl__domain_create_info_setdefault 1466109033881694 1466109033881723 29
45030166 libxl__domain_make 1466109033881732 1466109033891591 9859
45040055 libxl__domain_build_info_setdefault 1466109033891621 1466109033891631 10
45040261 libxl__bootloader_run 1466109033891827 1466109033910133 18306
45030189 xc_domain_create 1466109033881755 1466109033881882 127
