Time-1466109085409314 function startTime endTime duration
0 main_create 1466109085409314 1466109086434317 1025003
16 create_domain 1466109085409330 1466109086434292 1024962
96 acquire_lock 1466109085409410 1466109085409424 14
112 freemem 1466109085409426 1466109086410340 1000914
115 libxl_domain_need_memory 1466109085409429 1466109085409450 21
139 libxl_get_free_memory 1466109085409453 1466109085409531 78
1001035 libxl_domain_create_new 1466109086410349 1466109086431544 21195
1001142 initiate_domain_create 1466109086410456 1466109086431535 21079
1022234 release_lock 1466109086431548 1466109086431556 8
1022244 libxl_domain_unpause 1466109086431558 1466109086431567 9
1001524 libxl__domain_create_info_setdefault 1466109086410838 1466109086410865 27
1001559 libxl__domain_make 1466109086410873 1466109086414969 4096
1005663 libxl__domain_build_info_setdefault 1466109086414977 1466109086414980 3
1005729 libxl__bootloader_run 1466109086415043 1466109086431524 16481
1001581 xc_domain_create 1466109086410895 1466109086411013 118
