Time-1466109065574129 function startTime endTime duration
0 main_create 1466109065574129 1466109066609557 1035428
19 create_domain 1466109065574148 1466109066609534 1035386
104 acquire_lock 1466109065574233 1466109065574247 14
120 freemem 1466109065574249 1466109066575143 1000894
123 libxl_domain_need_memory 1466109065574252 1466109065574283 31
157 libxl_get_free_memory 1466109065574286 1466109065574371 85
1001024 libxl_domain_create_new 1466109066575153 1466109066607214 32061
1001131 initiate_domain_create 1466109066575260 1466109066607202 31942
1033091 release_lock 1466109066607220 1466109066607230 10
1033103 libxl_domain_unpause 1466109066607232 1466109066607243 11
1001515 libxl__domain_create_info_setdefault 1466109066575644 1466109066575670 26
1001550 libxl__domain_make 1466109066575679 1466109066585896 10217
1011795 libxl__domain_build_info_setdefault 1466109066585924 1466109066585934 10
1012034 libxl__bootloader_run 1466109066586163 1466109066607192 21029
1001572 xc_domain_create 1466109066575701 1466109066575821 120
