Time-1466187626301429 function startTime endTime duration
0 main_create 1466187626301429 1466187626761831 460402
50 create_domain 1466187626301479 1466187626761809 460330
373 acquire_lock 1466187626301802 1466187626301857 55
437 freemem 1466187626301866 1466187626302264 398
445 libxl_domain_need_memory 1466187626301874 1466187626301910 36
490 libxl_get_free_memory 1466187626301919 1466187626302238 319
845 libxl_domain_create_new 1466187626302274 1466187626755162 452888
971 initiate_domain_create 1466187626302400 1466187626755146 452746
453736 release_lock 1466187626755165 1466187626755172 7
453745 libxl_domain_unpause 1466187626755174 1466187626755183 9
1203 libxl__domain_create_info_setdefault 1466187626302632 1466187626302648 16
1227 libxl__domain_make 1466187626302656 1466187626311829 9173
10407 libxl__domain_build_info_setdefault 1466187626311836 1466187626311838 2
10610 libxl__bootloader_run 1466187626312039 1466187626755138 443099
1246 xc_domain_create 1466187626302675 1466187626302799 124
