Time-1466157839247484 function startTime endTime duration
0 main_create 1466157839247484 1466157840294150 1046666
51 create_domain 1466157839247535 1466157840294125 1046590
312 acquire_lock 1466157839247796 1466157839247838 42
363 freemem 1466157839247847 1466157840250527 1002680
370 libxl_domain_need_memory 1466157839247854 1466157839247921 67
448 libxl_get_free_memory 1466157839247932 1466157839248254 322
1003046 libxl_domain_create_new 1466157840250530 1466157840291116 40586
1003086 initiate_domain_create 1466157840250570 1466157840291110 40540
1043636 release_lock 1466157840291120 1466157840291129 9
1043647 libxl_domain_unpause 1466157840291131 1466157840291139 8
1003377 libxl__domain_create_info_setdefault 1466157840250861 1466157840250880 19
1003404 libxl__domain_make 1466157840250888 1466157840260742 9854
1013263 libxl__domain_build_info_setdefault 1466157840260747 1466157840260750 3
1013329 libxl__bootloader_run 1466157840260813 1466157840291103 30290
1003425 xc_domain_create 1466157840250909 1466157840251025 116
