Time-1466157818092215 function startTime endTime duration
0 main_create 1466157818092215 1466157819133673 1041458
50 create_domain 1466157818092265 1466157819133646 1041381
365 acquire_lock 1466157818092580 1466157818092621 41
414 freemem 1466157818092629 1466157819095371 1002742
421 libxl_domain_need_memory 1466157818092636 1466157818092673 37
467 libxl_get_free_memory 1466157818092682 1466157818092996 314
1003165 libxl_domain_create_new 1466157819095380 1466157819131584 36204
1003271 initiate_domain_create 1466157819095486 1466157819131573 36087
1039372 release_lock 1466157819131587 1466157819131597 10
1039385 libxl_domain_unpause 1466157819131600 1466157819131611 11
1003615 libxl__domain_create_info_setdefault 1466157819095830 1466157819095849 19
1003643 libxl__domain_make 1466157819095858 1466157819102002 6144
1009795 libxl__domain_build_info_setdefault 1466157819102010 1466157819102013 3
1009910 libxl__bootloader_run 1466157819102125 1466157819131564 29439
1003664 xc_domain_create 1466157819095879 1466157819095997 118
