Time-1466185500611938 function startTime endTime duration
0 main_create 1466185500611938 1466185501890900 1278962
50 create_domain 1466185500611988 1466185501890872 1278884
309 acquire_lock 1466185500612247 1466185500612287 40
357 freemem 1466185500612295 1466185501615157 1002862
365 libxl_domain_need_memory 1466185500612303 1466185500612395 92
468 libxl_get_free_memory 1466185500612406 1466185500612743 337
1003221 libxl_domain_create_new 1466185501615159 1466185501888892 273733
1003259 initiate_domain_create 1466185501615197 1466185501888882 273685
1276958 release_lock 1466185501888896 1466185501888905 9
1276974 libxl_domain_unpause 1466185501888912 1466185501888923 11
1003548 libxl__domain_create_info_setdefault 1466185501615486 1466185501615504 18
1003574 libxl__domain_make 1466185501615512 1466185501625726 10214
1013794 libxl__domain_build_info_setdefault 1466185501625732 1466185501625735 3
1013862 libxl__bootloader_run 1466185501625800 1466185501888870 263070
1003595 xc_domain_create 1466185501615533 1466185501615654 121
