Time-1466185566817646 function startTime endTime duration
0 main_create 1466185566817646 1466185567112561 294915
52 create_domain 1466185566817698 1466185567112539 294841
354 acquire_lock 1466185566818000 1466185566818045 45
407 freemem 1466185566818053 1466185566821116 3063
415 libxl_domain_need_memory 1466185566818061 1466185566818154 93
518 libxl_get_free_memory 1466185566818164 1466185566818534 370
3479 libxl_domain_create_new 1466185566821125 1466185567109618 288493
3563 initiate_domain_create 1466185566821209 1466185567109611 288402
291975 release_lock 1466185567109621 1466185567109627 6
291983 libxl_domain_unpause 1466185567109629 1466185567109638 9
3760 libxl__domain_create_info_setdefault 1466185566821406 1466185566821421 15
3782 libxl__domain_make 1466185566821428 1466185566830255 8827
12629 libxl__domain_build_info_setdefault 1466185566830275 1466185566830285 10
12832 libxl__bootloader_run 1466185566830478 1466185567109604 279126
3802 xc_domain_create 1466185566821448 1466185566821586 138
