Time-1466165132955476 function startTime endTime duration
0 main_create 1466165132955476 1466165134092038 1136562
14 create_domain 1466165132955490 1466165134092018 1136528
99 acquire_lock 1466165132955575 1466165132955586 11
113 freemem 1466165132955589 1466165133957085 1001496
114 libxl_domain_need_memory 1466165132955590 1466165132955615 25
142 libxl_get_free_memory 1466165132955618 1466165132955766 148
1001617 libxl_domain_create_new 1466165133957093 1466165134089807 132714
1001722 initiate_domain_create 1466165133957198 1466165134089799 132601
1134333 release_lock 1466165134089809 1466165134089816 7
1134343 libxl_domain_unpause 1466165134089819 1466165134089829 10
1002103 libxl__domain_create_info_setdefault 1466165133957579 1466165133957606 27
1002138 libxl__domain_make 1466165133957614 1466165133967035 9421
1011588 libxl__domain_build_info_setdefault 1466165133967064 1466165133967074 10
1011783 libxl__bootloader_run 1466165133967259 1466165134089791 122532
1002160 xc_domain_create 1466165133957636 1466165133957753 117
