Time-1466165165394723 function startTime endTime duration
0 main_create 1466165165394723 1466165166534075 1139352
15 create_domain 1466165165394738 1466165166534048 1139310
85 acquire_lock 1466165165394808 1466165165394820 12
99 freemem 1466165165394822 1466165166396072 1001250
101 libxl_domain_need_memory 1466165165394824 1466165165394843 19
123 libxl_get_free_memory 1466165165394846 1466165165394970 124
1001358 libxl_domain_create_new 1466165166396081 1466165166530990 134909
1001464 initiate_domain_create 1466165166396187 1466165166530980 134793
1136271 release_lock 1466165166530994 1466165166531002 8
1136282 libxl_domain_unpause 1466165166531005 1466165166531016 11
1001803 libxl__domain_create_info_setdefault 1466165166396526 1466165166396545 19
1001831 libxl__domain_make 1466165166396554 1466165166405854 9300
1011161 libxl__domain_build_info_setdefault 1466165166405884 1466165166405893 9
1011400 libxl__bootloader_run 1466165166406123 1466165166530972 124849
1001852 xc_domain_create 1466165166396575 1466165166396689 114
