Time-1466186297353583 function startTime endTime duration
0 main_create 1466186297353583 1466186299666870 2313287
51 create_domain 1466186297353634 1466186299666844 2313210
378 acquire_lock 1466186297353961 1466186297354015 54
442 freemem 1466186297354025 1466186299357628 2003603
449 libxl_domain_need_memory 1466186297354032 1466186297354101 69
529 libxl_get_free_memory 1466186297354112 1466186297354455 343
2004054 libxl_domain_create_new 1466186299357637 1466186299663944 306307
2004160 initiate_domain_create 1466186299357743 1466186299663934 306191
2310364 release_lock 1466186299663947 1466186299663953 6
2310372 libxl_domain_unpause 1466186299663955 1466186299663963 8
2004586 libxl__domain_create_info_setdefault 1466186299358169 1466186299358196 27
2004621 libxl__domain_make 1466186299358204 1466186299364470 6266
2010893 libxl__domain_build_info_setdefault 1466186299364476 1466186299364478 2
2010959 libxl__bootloader_run 1466186299364542 1466186299663926 299384
2004643 xc_domain_create 1466186299358226 1466186299358375 149
