Time-1466186339125849 function startTime endTime duration
0 main_create 1466186339125849 1466186340459581 1333732
94 create_domain 1466186339125943 1466186340459555 1333612
420 acquire_lock 1466186339126269 1466186339126312 43
471 freemem 1466186339126320 1466186340129409 1003089
479 libxl_domain_need_memory 1466186339126328 1466186339126364 36
524 libxl_get_free_memory 1466186339126373 1466186339126741 368
1003569 libxl_domain_create_new 1466186340129418 1466186340457534 328116
1003676 initiate_domain_create 1466186340129525 1466186340457527 328002
1331688 release_lock 1466186340457537 1466186340457544 7
1331701 libxl_domain_unpause 1466186340457550 1466186340457558 8
1004055 libxl__domain_create_info_setdefault 1466186340129904 1466186340129931 27
1004091 libxl__domain_make 1466186340129940 1466186340139242 9302
1013422 libxl__domain_build_info_setdefault 1466186340139271 1466186340139280 9
1013624 libxl__bootloader_run 1466186340139473 1466186340457520 318047
1004113 xc_domain_create 1466186340129962 1466186340130117 155
