Time-1466184549420667 function startTime endTime duration
0 main_create 1466184549420667 1466184550630077 1209410
14 create_domain 1466184549420681 1466184550630047 1209366
85 acquire_lock 1466184549420752 1466184549420763 11
99 freemem 1466184549420766 1466184550422221 1001455
101 libxl_domain_need_memory 1466184549420768 1466184549420793 25
129 libxl_get_free_memory 1466184549420796 1466184549420924 128
1001563 libxl_domain_create_new 1466184550422230 1466184550627947 205717
1001670 initiate_domain_create 1466184550422337 1466184550627937 205600
1207284 release_lock 1466184550627951 1466184550627961 10
1207297 libxl_domain_unpause 1466184550627964 1466184550627972 8
1002050 libxl__domain_create_info_setdefault 1466184550422717 1466184550422744 27
1002086 libxl__domain_make 1466184550422753 1466184550432673 9920
1012034 libxl__domain_build_info_setdefault 1466184550432701 1466184550432712 11
1012239 libxl__bootloader_run 1466184550432906 1466184550627928 195022
1002109 xc_domain_create 1466184550422776 1466184550422902 126
