Time-1466184592692333 function startTime endTime duration
0 main_create 1466184592692333 1466184593910702 1218369
51 create_domain 1466184592692384 1466184593910681 1218297
330 acquire_lock 1466184592692663 1466184592692704 41
380 freemem 1466184592692713 1466184593695727 1003014
387 libxl_domain_need_memory 1466184592692720 1466184592692787 67
464 libxl_get_free_memory 1466184592692797 1466184592693134 337
1003402 libxl_domain_create_new 1466184593695735 1466184593907980 212245
1003510 initiate_domain_create 1466184593695843 1466184593907970 212127
1215651 release_lock 1466184593907984 1466184593907993 9
1215664 libxl_domain_unpause 1466184593907997 1466184593908009 12
1003890 libxl__domain_create_info_setdefault 1466184593696223 1466184593696250 27
1003925 libxl__domain_make 1466184593696258 1466184593705825 9567
1013520 libxl__domain_build_info_setdefault 1466184593705853 1466184593705862 9
1013723 libxl__bootloader_run 1466184593706056 1466184593907961 201905
1003948 xc_domain_create 1466184593696281 1466184593696406 125
