Time-1466163895447392 function startTime endTime duration
0 main_create 1466163895447392 1466163896528164 1080772
55 create_domain 1466163895447447 1466163896528142 1080695
366 acquire_lock 1466163895447758 1466163895447799 41
416 freemem 1466163895447808 1466163896450654 1002846
423 libxl_domain_need_memory 1466163895447815 1466163895447851 36
468 libxl_get_free_memory 1466163895447860 1466163895448194 334
1003270 libxl_domain_create_new 1466163896450662 1466163896526022 75360
1003376 initiate_domain_create 1466163896450768 1466163896526012 75244
1078634 release_lock 1466163896526026 1466163896526035 9
1078646 libxl_domain_unpause 1466163896526038 1466163896526048 10
1003755 libxl__domain_create_info_setdefault 1466163896451147 1466163896451174 27
1003790 libxl__domain_make 1466163896451182 1466163896459716 8534
1012331 libxl__domain_build_info_setdefault 1466163896459723 1466163896459726 3
1012388 libxl__bootloader_run 1466163896459780 1466163896526003 66223
1003812 xc_domain_create 1466163896451204 1466163896451321 117
