Time-1466163857378983 function startTime endTime duration
0 main_create 1466163857378983 1466163858465762 1086779
52 create_domain 1466163857379035 1466163858465736 1086701
315 acquire_lock 1466163857379298 1466163857379338 40
364 freemem 1466163857379347 1466163858382305 1002958
371 libxl_domain_need_memory 1466163857379354 1466163857379421 67
447 libxl_get_free_memory 1466163857379430 1466163857379765 335
1003331 libxl_domain_create_new 1466163858382314 1466163858463125 80811
1003436 initiate_domain_create 1466163858382419 1466163858463116 80697
1084145 release_lock 1466163858463128 1466163858463136 8
1084157 libxl_domain_unpause 1466163858463140 1466163858463150 10
1003763 libxl__domain_create_info_setdefault 1466163858382746 1466163858382765 19
1003790 libxl__domain_make 1466163858382773 1466163858393394 10621
1014435 libxl__domain_build_info_setdefault 1466163858393418 1466163858393428 10
1014692 libxl__bootloader_run 1466163858393675 1466163858463107 69432
1003811 xc_domain_create 1466163858382794 1466163858382910 116
