Time-1466170421553342 function startTime endTime duration
0 main_create 1466170421553342 1466170422757797 1204455
51 create_domain 1466170421553393 1466170422757774 1204381
340 acquire_lock 1466170421553682 1466170421553723 41
389 freemem 1466170421553731 1466170422556523 1002792
397 libxl_domain_need_memory 1466170421553739 1466170421553804 65
472 libxl_get_free_memory 1466170421553814 1466170421554168 354
1003190 libxl_domain_create_new 1466170422556532 1466170422755584 199052
1003296 initiate_domain_create 1466170422556638 1466170422755573 198935
1202245 release_lock 1466170422755587 1466170422755594 7
1202256 libxl_domain_unpause 1466170422755598 1466170422755607 9
1003635 libxl__domain_create_info_setdefault 1466170422556977 1466170422556996 19
1003662 libxl__domain_make 1466170422557004 1466170422566049 9045
1012740 libxl__domain_build_info_setdefault 1466170422566082 1466170422566091 9
1012980 libxl__bootloader_run 1466170422566322 1466170422755563 189241
1003684 xc_domain_create 1466170422557026 1466170422557141 115
