Time-1466171118019377 function startTime endTime duration
0 main_create 1466171118019377 1466171119216173 1196796
51 create_domain 1466171118019428 1466171119216149 1196721
310 acquire_lock 1466171118019687 1466171118019728 41
359 freemem 1466171118019736 1466171119022705 1002969
367 libxl_domain_need_memory 1466171118019744 1466171118019838 94
472 libxl_get_free_memory 1466171118019849 1466171118020182 333
1003339 libxl_domain_create_new 1466171119022716 1466171119213599 190883
1003443 initiate_domain_create 1466171119022820 1466171119213592 190772
1194225 release_lock 1466171119213602 1466171119213610 8
1194237 libxl_domain_unpause 1466171119213614 1466171119213623 9
1003825 libxl__domain_create_info_setdefault 1466171119023202 1466171119023230 28
1003863 libxl__domain_make 1466171119023240 1466171119033152 9912
1013804 libxl__domain_build_info_setdefault 1466171119033181 1466171119033192 11
1014011 libxl__bootloader_run 1466171119033388 1466171119213584 180196
1003885 xc_domain_create 1466171119023262 1466171119023379 117
