Time-1466165401688752 function startTime endTime duration
0 main_create 1466165401688752 1466165402846792 1158040
15 create_domain 1466165401688767 1466165402846769 1158002
90 acquire_lock 1466165401688842 1466165401688854 12
105 freemem 1466165401688857 1466165402689797 1000940
107 libxl_domain_need_memory 1466165401688859 1466165401688878 19
128 libxl_get_free_memory 1466165401688880 1466165401688970 90
1001054 libxl_domain_create_new 1466165402689806 1466165402842618 152812
1001159 initiate_domain_create 1466165402689911 1466165402842608 152697
1153870 release_lock 1466165402842622 1466165402842633 11
1153884 libxl_domain_unpause 1466165402842636 1466165402842643 7
1001531 libxl__domain_create_info_setdefault 1466165402690283 1466165402690303 20
1001560 libxl__domain_make 1466165402690312 1466165402701020 10708
1012291 libxl__domain_build_info_setdefault 1466165402701043 1466165402701053 10
1012546 libxl__bootloader_run 1466165402701298 1466165402842598 141300
1001582 xc_domain_create 1466165402690334 1466165402690449 115
