Time-1466165369968236 function startTime endTime duration
0 main_create 1466165369968236 1466165371125505 1157269
13 create_domain 1466165369968249 1466165371125478 1157229
90 acquire_lock 1466165369968326 1466165369968338 12
104 freemem 1466165369968340 1466165370969877 1001537
106 libxl_domain_need_memory 1466165369968342 1466165369968361 19
127 libxl_get_free_memory 1466165369968363 1466165369968487 124
1001650 libxl_domain_create_new 1466165370969886 1466165371123391 153505
1001791 initiate_domain_create 1466165370970027 1466165371123380 153353
1155163 release_lock 1466165371123399 1466165371123407 8
1155173 libxl_domain_unpause 1466165371123409 1466165371123417 8
1002173 libxl__domain_create_info_setdefault 1466165370970409 1466165370970436 27
1002208 libxl__domain_make 1466165370970444 1466165370980420 9976
1012213 libxl__domain_build_info_setdefault 1466165370980449 1466165370980459 10
1012417 libxl__bootloader_run 1466165370980653 1466165371123372 142719
1002231 xc_domain_create 1466165370970467 1466165370970584 117
