Time-1466187402219816 function startTime endTime duration
0 main_create 1466187402219816 1466187402643877 424061
13 create_domain 1466187402219829 1466187402643847 424018
84 acquire_lock 1466187402219900 1466187402219917 17
103 freemem 1466187402219919 1466187402220041 122
105 libxl_domain_need_memory 1466187402219921 1466187402219946 25
133 libxl_get_free_memory 1466187402219949 1466187402220037 88
227 libxl_domain_create_new 1466187402220043 1466187402641651 421608
249 initiate_domain_create 1466187402220065 1466187402641642 421577
421839 release_lock 1466187402641655 1466187402641664 9
421854 libxl_domain_unpause 1466187402641670 1466187402641679 9
306 libxl__domain_create_info_setdefault 1466187402220122 1466187402220126 4
312 libxl__domain_make 1466187402220128 1466187402222924 2796
3116 libxl__domain_build_info_setdefault 1466187402222932 1466187402222934 2
3173 libxl__bootloader_run 1466187402222989 1466187402641629 418640
326 xc_domain_create 1466187402220142 1466187402220174 32
