Time-1466187439106669 function startTime endTime duration
0 main_create 1466187439106669 1466187439545087 438418
53 create_domain 1466187439106722 1466187439545063 438341
370 acquire_lock 1466187439107039 1466187439107079 40
418 freemem 1466187439107087 1466187439109993 2906
426 libxl_domain_need_memory 1466187439107095 1466187439107131 36
470 libxl_get_free_memory 1466187439107139 1466187439107475 336
3333 libxl_domain_create_new 1466187439110002 1466187439542586 432584
3425 initiate_domain_create 1466187439110094 1466187439542579 432485
435922 release_lock 1466187439542591 1466187439542598 7
435931 libxl_domain_unpause 1466187439542600 1466187439542608 8
3675 libxl__domain_create_info_setdefault 1466187439110344 1466187439110363 19
3702 libxl__domain_make 1466187439110371 1466187439120907 10536
14261 libxl__domain_build_info_setdefault 1466187439120930 1466187439120939 9
14507 libxl__bootloader_run 1466187439121176 1466187439542572 421396
3722 xc_domain_create 1466187439110391 1466187439110513 122
